30.000000 45.000000 1.000000 
30.000000 50.000000 1.000000 
30.000000 55.000000 1.000000 
30.000000 60.000000 1.000000 
30.000000 65.000000 1.000000 
30.000000 70.000000 1.000000 
30.000000 75.000000 1.000000 
30.000000 80.000000 1.000000 
30.000000 85.000000 1.000000 
30.000000 90.000000 1.000000 
30.000000 95.000000 1.000000 
30.000000 100.000000 1.000000 
30.000000 105.000000 1.000000 
30.000000 110.000000 1.000000 
30.000000 115.000000 1.000000 
30.000000 120.000000 1.000000 
30.000000 125.000000 1.000000 
30.000000 130.000000 1.000000 
30.000000 135.000000 1.000000 
30.000000 140.000000 1.000000 
30.000000 145.000000 1.000000 
30.000000 150.000000 1.000000 
30.000000 155.000000 1.000000 
30.000000 160.000000 1.000000 
30.000000 165.000000 1.000000 
30.000000 170.000000 1.000000 
30.000000 175.000000 1.000000 
30.000000 180.000000 1.000000 
30.000000 185.000000 1.000000 

35.000000 45.000000 0.000000 
35.000000 50.000000 0.000000 
35.000000 55.000000 0.000000 
35.000000 60.000000 0.000000 
35.000000 65.000000 0.000000 
35.000000 70.000000 0.000000 
35.000000 75.000000 0.000000 
35.000000 80.000000 0.000000 
35.000000 85.000000 0.000000 
35.000000 90.000000 0.000000 
35.000000 95.000000 0.000000 
35.000000 100.000000 0.000000 
35.000000 105.000000 0.000000 
35.000000 110.000000 0.000000 
35.000000 115.000000 0.000000 
35.000000 120.000000 0.000000 
35.000000 125.000000 0.000000 
35.000000 130.000000 0.000000 
35.000000 135.000000 0.000000 
35.000000 140.000000 0.000000 
35.000000 145.000000 0.000000 
35.000000 150.000000 0.000000 
35.000000 155.000000 0.000000 
35.000000 160.000000 0.000000 
35.000000 165.000000 0.000000 
35.000000 170.000000 0.000000 
35.000000 175.000000 0.000000 
35.000000 180.000000 0.000000 
35.000000 185.000000 0.000000 

40.000000 45.000000 1.000000 
40.000000 50.000000 1.000000 
40.000000 55.000000 1.000000 
40.000000 60.000000 1.000000 
40.000000 65.000000 1.000000 
40.000000 70.000000 1.000000 
40.000000 75.000000 1.000000 
40.000000 80.000000 1.000000 
40.000000 85.000000 1.000000 
40.000000 90.000000 1.000000 
40.000000 95.000000 1.000000 
40.000000 100.000000 1.000000 
40.000000 105.000000 1.000000 
40.000000 110.000000 1.000000 
40.000000 115.000000 1.000000 
40.000000 120.000000 1.000000 
40.000000 125.000000 1.000000 
40.000000 130.000000 1.000000 
40.000000 135.000000 1.000000 
40.000000 140.000000 1.000000 
40.000000 145.000000 1.000000 
40.000000 150.000000 1.000000 
40.000000 155.000000 1.000000 
40.000000 160.000000 1.000000 
40.000000 165.000000 1.000000 
40.000000 170.000000 1.000000 
40.000000 175.000000 1.000000 
40.000000 180.000000 1.000000 
40.000000 185.000000 1.000000 

45.000000 45.000000 0.000000 
45.000000 50.000000 0.000000 
45.000000 55.000000 0.000000 
45.000000 60.000000 0.000000 
45.000000 65.000000 0.000000 
45.000000 70.000000 0.000000 
45.000000 75.000000 0.000000 
45.000000 80.000000 0.000000 
45.000000 85.000000 0.000000 
45.000000 90.000000 0.000000 
45.000000 95.000000 0.000000 
45.000000 100.000000 0.000000 
45.000000 105.000000 0.000000 
45.000000 110.000000 0.000000 
45.000000 115.000000 0.000000 
45.000000 120.000000 0.000000 
45.000000 125.000000 0.000000 
45.000000 130.000000 0.000000 
45.000000 135.000000 0.000000 
45.000000 140.000000 0.000000 
45.000000 145.000000 0.000000 
45.000000 150.000000 0.000000 
45.000000 155.000000 0.000000 
45.000000 160.000000 0.000000 
45.000000 165.000000 0.000000 
45.000000 170.000000 0.000000 
45.000000 175.000000 0.000000 
45.000000 180.000000 0.000000 
45.000000 185.000000 0.000000 

50.000000 45.000000 1.000000 
50.000000 50.000000 1.000000 
50.000000 55.000000 1.000000 
50.000000 60.000000 1.000000 
50.000000 65.000000 1.000000 
50.000000 70.000000 1.000000 
50.000000 75.000000 1.000000 
50.000000 80.000000 1.000000 
50.000000 85.000000 1.000000 
50.000000 90.000000 1.000000 
50.000000 95.000000 1.000000 
50.000000 100.000000 1.000000 
50.000000 105.000000 1.000000 
50.000000 110.000000 1.000000 
50.000000 115.000000 1.000000 
50.000000 120.000000 1.000000 
50.000000 125.000000 1.000000 
50.000000 130.000000 1.000000 
50.000000 135.000000 1.000000 
50.000000 140.000000 1.000000 
50.000000 145.000000 1.000000 
50.000000 150.000000 1.000000 
50.000000 155.000000 1.000000 
50.000000 160.000000 1.000000 
50.000000 165.000000 1.000000 
50.000000 170.000000 1.000000 
50.000000 175.000000 1.000000 
50.000000 180.000000 1.000000 
50.000000 185.000000 1.000000 

55.000000 45.000000 0.000000 
55.000000 50.000000 0.000000 
55.000000 55.000000 0.000000 
55.000000 60.000000 0.000000 
55.000000 65.000000 0.000000 
55.000000 70.000000 0.000000 
55.000000 75.000000 0.000000 
55.000000 80.000000 0.000000 
55.000000 85.000000 0.000000 
55.000000 90.000000 0.000000 
55.000000 95.000000 0.000000 
55.000000 100.000000 0.000000 
55.000000 105.000000 0.000000 
55.000000 110.000000 0.000000 
55.000000 115.000000 0.000000 
55.000000 120.000000 0.000000 
55.000000 125.000000 0.000000 
55.000000 130.000000 0.000000 
55.000000 135.000000 0.000000 
55.000000 140.000000 0.000000 
55.000000 145.000000 0.000000 
55.000000 150.000000 0.000000 
55.000000 155.000000 0.000000 
55.000000 160.000000 0.000000 
55.000000 165.000000 0.000000 
55.000000 170.000000 0.000000 
55.000000 175.000000 0.000000 
55.000000 180.000000 0.000000 
55.000000 185.000000 0.000000 

60.000000 45.000000 1.000000 
60.000000 50.000000 1.000000 
60.000000 55.000000 1.000000 
60.000000 60.000000 1.000000 
60.000000 65.000000 1.000000 
60.000000 70.000000 1.000000 
60.000000 75.000000 1.000000 
60.000000 80.000000 1.000000 
60.000000 85.000000 1.000000 
60.000000 90.000000 1.000000 
60.000000 95.000000 1.000000 
60.000000 100.000000 1.000000 
60.000000 105.000000 1.000000 
60.000000 110.000000 1.000000 
60.000000 115.000000 1.000000 
60.000000 120.000000 1.000000 
60.000000 125.000000 1.000000 
60.000000 130.000000 1.000000 
60.000000 135.000000 1.000000 
60.000000 140.000000 1.000000 
60.000000 145.000000 1.000000 
60.000000 150.000000 1.000000 
60.000000 155.000000 1.000000 
60.000000 160.000000 1.000000 
60.000000 165.000000 1.000000 
60.000000 170.000000 1.000000 
60.000000 175.000000 1.000000 
60.000000 180.000000 1.000000 
60.000000 185.000000 1.000000 

65.000000 45.000000 0.000000 
65.000000 50.000000 0.000000 
65.000000 55.000000 0.000000 
65.000000 60.000000 0.000000 
65.000000 65.000000 0.000000 
65.000000 70.000000 0.000000 
65.000000 75.000000 0.000000 
65.000000 80.000000 0.000000 
65.000000 85.000000 0.000000 
65.000000 90.000000 0.000000 
65.000000 95.000000 0.000000 
65.000000 100.000000 0.000000 
65.000000 105.000000 0.000000 
65.000000 110.000000 0.000000 
65.000000 115.000000 0.000000 
65.000000 120.000000 0.000000 
65.000000 125.000000 0.000000 
65.000000 130.000000 0.000000 
65.000000 135.000000 0.000000 
65.000000 140.000000 0.000000 
65.000000 145.000000 0.000000 
65.000000 150.000000 0.000000 
65.000000 155.000000 0.000000 
65.000000 160.000000 0.000000 
65.000000 165.000000 0.000000 
65.000000 170.000000 0.000000 
65.000000 175.000000 0.000000 
65.000000 180.000000 0.000000 
65.000000 185.000000 0.000000 

70.000000 45.000000 1.000000 
70.000000 50.000000 1.000000 
70.000000 55.000000 1.000000 
70.000000 60.000000 1.000000 
70.000000 65.000000 1.000000 
70.000000 70.000000 1.000000 
70.000000 75.000000 1.000000 
70.000000 80.000000 1.000000 
70.000000 85.000000 1.000000 
70.000000 90.000000 1.000000 
70.000000 95.000000 1.000000 
70.000000 100.000000 1.000000 
70.000000 105.000000 1.000000 
70.000000 110.000000 1.000000 
70.000000 115.000000 1.000000 
70.000000 120.000000 1.000000 
70.000000 125.000000 1.000000 
70.000000 130.000000 1.000000 
70.000000 135.000000 1.000000 
70.000000 140.000000 1.000000 
70.000000 145.000000 1.000000 
70.000000 150.000000 1.000000 
70.000000 155.000000 1.000000 
70.000000 160.000000 1.000000 
70.000000 165.000000 1.000000 
70.000000 170.000000 1.000000 
70.000000 175.000000 1.000000 
70.000000 180.000000 1.000000 
70.000000 185.000000 1.000000 

75.000000 45.000000 0.000000 
75.000000 50.000000 0.000000 
75.000000 55.000000 0.000000 
75.000000 60.000000 0.000000 
75.000000 65.000000 0.000000 
75.000000 70.000000 0.000000 
75.000000 75.000000 0.000000 
75.000000 80.000000 0.000000 
75.000000 85.000000 0.000000 
75.000000 90.000000 0.000000 
75.000000 95.000000 0.000000 
75.000000 100.000000 0.000000 
75.000000 105.000000 0.000000 
75.000000 110.000000 0.000000 
75.000000 115.000000 0.000000 
75.000000 120.000000 0.000000 
75.000000 125.000000 0.000000 
75.000000 130.000000 0.000000 
75.000000 135.000000 0.000000 
75.000000 140.000000 0.000000 
75.000000 145.000000 0.000000 
75.000000 150.000000 0.000000 
75.000000 155.000000 0.000000 
75.000000 160.000000 0.000000 
75.000000 165.000000 0.000000 
75.000000 170.000000 0.000000 
75.000000 175.000000 0.000000 
75.000000 180.000000 0.000000 
75.000000 185.000000 0.000000 

80.000000 45.000000 1.000000 
80.000000 50.000000 1.000000 
80.000000 55.000000 1.000000 
80.000000 60.000000 1.000000 
80.000000 65.000000 1.000000 
80.000000 70.000000 1.000000 
80.000000 75.000000 1.000000 
80.000000 80.000000 1.000000 
80.000000 85.000000 1.000000 
80.000000 90.000000 1.000000 
80.000000 95.000000 1.000000 
80.000000 100.000000 1.000000 
80.000000 105.000000 1.000000 
80.000000 110.000000 1.000000 
80.000000 115.000000 1.000000 
80.000000 120.000000 1.000000 
80.000000 125.000000 1.000000 
80.000000 130.000000 1.000000 
80.000000 135.000000 1.000000 
80.000000 140.000000 1.000000 
80.000000 145.000000 1.000000 
80.000000 150.000000 1.000000 
80.000000 155.000000 1.000000 
80.000000 160.000000 1.000000 
80.000000 165.000000 1.000000 
80.000000 170.000000 1.000000 
80.000000 175.000000 1.000000 
80.000000 180.000000 1.000000 
80.000000 185.000000 1.000000 

85.000000 45.000000 0.000000 
85.000000 50.000000 0.000000 
85.000000 55.000000 0.000000 
85.000000 60.000000 0.000000 
85.000000 65.000000 0.000000 
85.000000 70.000000 0.000000 
85.000000 75.000000 0.000000 
85.000000 80.000000 0.000000 
85.000000 85.000000 0.000000 
85.000000 90.000000 0.000000 
85.000000 95.000000 0.000000 
85.000000 100.000000 0.000000 
85.000000 105.000000 0.000000 
85.000000 110.000000 0.000000 
85.000000 115.000000 0.000000 
85.000000 120.000000 0.000000 
85.000000 125.000000 0.000000 
85.000000 130.000000 0.000000 
85.000000 135.000000 0.000000 
85.000000 140.000000 0.000000 
85.000000 145.000000 0.000000 
85.000000 150.000000 0.000000 
85.000000 155.000000 0.000000 
85.000000 160.000000 0.000000 
85.000000 165.000000 0.000000 
85.000000 170.000000 0.000000 
85.000000 175.000000 0.000000 
85.000000 180.000000 0.000000 
85.000000 185.000000 0.000000 

90.000000 45.000000 1.000000 
90.000000 50.000000 1.000000 
90.000000 55.000000 1.000000 
90.000000 60.000000 1.000000 
90.000000 65.000000 1.000000 
90.000000 70.000000 1.000000 
90.000000 75.000000 1.000000 
90.000000 80.000000 1.000000 
90.000000 85.000000 1.000000 
90.000000 90.000000 1.000000 
90.000000 95.000000 1.000000 
90.000000 100.000000 1.000000 
90.000000 105.000000 1.000000 
90.000000 110.000000 1.000000 
90.000000 115.000000 1.000000 
90.000000 120.000000 1.000000 
90.000000 125.000000 1.000000 
90.000000 130.000000 1.000000 
90.000000 135.000000 1.000000 
90.000000 140.000000 1.000000 
90.000000 145.000000 1.000000 
90.000000 150.000000 1.000000 
90.000000 155.000000 1.000000 
90.000000 160.000000 1.000000 
90.000000 165.000000 1.000000 
90.000000 170.000000 1.000000 
90.000000 175.000000 1.000000 
90.000000 180.000000 1.000000 
90.000000 185.000000 1.000000 

95.000000 45.000000 0.000000 
95.000000 50.000000 0.000000 
95.000000 55.000000 0.000000 
95.000000 60.000000 0.000000 
95.000000 65.000000 0.000000 
95.000000 70.000000 0.000000 
95.000000 75.000000 0.000000 
95.000000 80.000000 0.000000 
95.000000 85.000000 0.000000 
95.000000 90.000000 0.000000 
95.000000 95.000000 0.000000 
95.000000 100.000000 0.000000 
95.000000 105.000000 0.000000 
95.000000 110.000000 0.000000 
95.000000 115.000000 0.000000 
95.000000 120.000000 0.000000 
95.000000 125.000000 0.000000 
95.000000 130.000000 0.000000 
95.000000 135.000000 0.000000 
95.000000 140.000000 0.000000 
95.000000 145.000000 0.000000 
95.000000 150.000000 0.000000 
95.000000 155.000000 0.000000 
95.000000 160.000000 0.000000 
95.000000 165.000000 0.000000 
95.000000 170.000000 0.000000 
95.000000 175.000000 0.000000 
95.000000 180.000000 0.000000 
95.000000 185.000000 0.000000 

100.000000 45.000000 1.000000 
100.000000 50.000000 1.000000 
100.000000 55.000000 1.000000 
100.000000 60.000000 1.000000 
100.000000 65.000000 1.000000 
100.000000 70.000000 1.000000 
100.000000 75.000000 1.000000 
100.000000 80.000000 1.000000 
100.000000 85.000000 1.000000 
100.000000 90.000000 1.000000 
100.000000 95.000000 1.000000 
100.000000 100.000000 1.000000 
100.000000 105.000000 1.000000 
100.000000 110.000000 1.000000 
100.000000 115.000000 1.000000 
100.000000 120.000000 1.000000 
100.000000 125.000000 1.000000 
100.000000 130.000000 1.000000 
100.000000 135.000000 1.000000 
100.000000 140.000000 1.000000 
100.000000 145.000000 1.000000 
100.000000 150.000000 1.000000 
100.000000 155.000000 1.000000 
100.000000 160.000000 1.000000 
100.000000 165.000000 1.000000 
100.000000 170.000000 1.000000 
100.000000 175.000000 1.000000 
100.000000 180.000000 1.000000 
100.000000 185.000000 1.000000 

105.000000 45.000000 0.000000 
105.000000 50.000000 0.000000 
105.000000 55.000000 0.000000 
105.000000 60.000000 0.000000 
105.000000 65.000000 0.000000 
105.000000 70.000000 0.000000 
105.000000 75.000000 0.000000 
105.000000 80.000000 0.000000 
105.000000 85.000000 0.000000 
105.000000 90.000000 0.000000 
105.000000 95.000000 0.000000 
105.000000 100.000000 0.000000 
105.000000 105.000000 0.000000 
105.000000 110.000000 0.000000 
105.000000 115.000000 0.000000 
105.000000 120.000000 0.000000 
105.000000 125.000000 0.000000 
105.000000 130.000000 0.000000 
105.000000 135.000000 0.000000 
105.000000 140.000000 0.000000 
105.000000 145.000000 0.000000 
105.000000 150.000000 0.000000 
105.000000 155.000000 0.000000 
105.000000 160.000000 0.000000 
105.000000 165.000000 0.000000 
105.000000 170.000000 0.000000 
105.000000 175.000000 0.000000 
105.000000 180.000000 0.000000 
105.000000 185.000000 0.000000 

110.000000 45.000000 1.000000 
110.000000 50.000000 1.000000 
110.000000 55.000000 1.000000 
110.000000 60.000000 1.000000 
110.000000 65.000000 1.000000 
110.000000 70.000000 1.000000 
110.000000 75.000000 1.000000 
110.000000 80.000000 1.000000 
110.000000 85.000000 1.000000 
110.000000 90.000000 1.000000 
110.000000 95.000000 1.000000 
110.000000 100.000000 1.000000 
110.000000 105.000000 1.000000 
110.000000 110.000000 1.000000 
110.000000 115.000000 1.000000 
110.000000 120.000000 1.000000 
110.000000 125.000000 1.000000 
110.000000 130.000000 1.000000 
110.000000 135.000000 1.000000 
110.000000 140.000000 1.000000 
110.000000 145.000000 1.000000 
110.000000 150.000000 1.000000 
110.000000 155.000000 1.000000 
110.000000 160.000000 1.000000 
110.000000 165.000000 1.000000 
110.000000 170.000000 1.000000 
110.000000 175.000000 1.000000 
110.000000 180.000000 1.000000 
110.000000 185.000000 1.000000 

115.000000 45.000000 0.000000 
115.000000 50.000000 0.000000 
115.000000 55.000000 0.000000 
115.000000 60.000000 0.000000 
115.000000 65.000000 0.000000 
115.000000 70.000000 0.000000 
115.000000 75.000000 0.000000 
115.000000 80.000000 0.000000 
115.000000 85.000000 0.000000 
115.000000 90.000000 0.000000 
115.000000 95.000000 0.000000 
115.000000 100.000000 0.000000 
115.000000 105.000000 0.000000 
115.000000 110.000000 0.000000 
115.000000 115.000000 0.000000 
115.000000 120.000000 0.000000 
115.000000 125.000000 0.000000 
115.000000 130.000000 0.000000 
115.000000 135.000000 0.000000 
115.000000 140.000000 0.000000 
115.000000 145.000000 0.000000 
115.000000 150.000000 0.000000 
115.000000 155.000000 0.000000 
115.000000 160.000000 0.000000 
115.000000 165.000000 0.000000 
115.000000 170.000000 0.000000 
115.000000 175.000000 0.000000 
115.000000 180.000000 0.000000 
115.000000 185.000000 0.000000 

120.000000 45.000000 1.000000 
120.000000 50.000000 1.000000 
120.000000 55.000000 1.000000 
120.000000 60.000000 1.000000 
120.000000 65.000000 1.000000 
120.000000 70.000000 1.000000 
120.000000 75.000000 1.000000 
120.000000 80.000000 1.000000 
120.000000 85.000000 1.000000 
120.000000 90.000000 1.000000 
120.000000 95.000000 1.000000 
120.000000 100.000000 1.000000 
120.000000 105.000000 1.000000 
120.000000 110.000000 1.000000 
120.000000 115.000000 1.000000 
120.000000 120.000000 1.000000 
120.000000 125.000000 1.000000 
120.000000 130.000000 1.000000 
120.000000 135.000000 1.000000 
120.000000 140.000000 1.000000 
120.000000 145.000000 1.000000 
120.000000 150.000000 1.000000 
120.000000 155.000000 1.000000 
120.000000 160.000000 1.000000 
120.000000 165.000000 1.000000 
120.000000 170.000000 1.000000 
120.000000 175.000000 1.000000 
120.000000 180.000000 1.000000 
120.000000 185.000000 1.000000 

125.000000 45.000000 0.000000 
125.000000 50.000000 0.000000 
125.000000 55.000000 0.000000 
125.000000 60.000000 0.000000 
125.000000 65.000000 0.000000 
125.000000 70.000000 0.000000 
125.000000 75.000000 0.000000 
125.000000 80.000000 0.000000 
125.000000 85.000000 0.000000 
125.000000 90.000000 0.000000 
125.000000 95.000000 0.000000 
125.000000 100.000000 0.000000 
125.000000 105.000000 0.000000 
125.000000 110.000000 0.000000 
125.000000 115.000000 0.000000 
125.000000 120.000000 0.000000 
125.000000 125.000000 0.000000 
125.000000 130.000000 0.000000 
125.000000 135.000000 0.000000 
125.000000 140.000000 0.000000 
125.000000 145.000000 0.000000 
125.000000 150.000000 0.000000 
125.000000 155.000000 0.000000 
125.000000 160.000000 0.000000 
125.000000 165.000000 0.000000 
125.000000 170.000000 0.000000 
125.000000 175.000000 0.000000 
125.000000 180.000000 0.000000 
125.000000 185.000000 0.000000 

130.000000 45.000000 1.000000 
130.000000 50.000000 1.000000 
130.000000 55.000000 1.000000 
130.000000 60.000000 1.000000 
130.000000 65.000000 1.000000 
130.000000 70.000000 1.000000 
130.000000 75.000000 1.000000 
130.000000 80.000000 1.000000 
130.000000 85.000000 1.000000 
130.000000 90.000000 1.000000 
130.000000 95.000000 1.000000 
130.000000 100.000000 1.000000 
130.000000 105.000000 1.000000 
130.000000 110.000000 1.000000 
130.000000 115.000000 1.000000 
130.000000 120.000000 1.000000 
130.000000 125.000000 1.000000 
130.000000 130.000000 1.000000 
130.000000 135.000000 1.000000 
130.000000 140.000000 1.000000 
130.000000 145.000000 1.000000 
130.000000 150.000000 1.000000 
130.000000 155.000000 1.000000 
130.000000 160.000000 1.000000 
130.000000 165.000000 1.000000 
130.000000 170.000000 1.000000 
130.000000 175.000000 1.000000 
130.000000 180.000000 1.000000 
130.000000 185.000000 1.000000 

135.000000 45.000000 0.000000 
135.000000 50.000000 0.000000 
135.000000 55.000000 0.000000 
135.000000 60.000000 0.000000 
135.000000 65.000000 0.000000 
135.000000 70.000000 0.000000 
135.000000 75.000000 0.000000 
135.000000 80.000000 0.000000 
135.000000 85.000000 0.000000 
135.000000 90.000000 0.000000 
135.000000 95.000000 0.000000 
135.000000 100.000000 0.000000 
135.000000 105.000000 0.000000 
135.000000 110.000000 0.000000 
135.000000 115.000000 0.000000 
135.000000 120.000000 0.000000 
135.000000 125.000000 0.000000 
135.000000 130.000000 0.000000 
135.000000 135.000000 0.000000 
135.000000 140.000000 0.000000 
135.000000 145.000000 0.000000 
135.000000 150.000000 0.000000 
135.000000 155.000000 0.000000 
135.000000 160.000000 0.000000 
135.000000 165.000000 0.000000 
135.000000 170.000000 0.000000 
135.000000 175.000000 0.000000 
135.000000 180.000000 0.000000 
135.000000 185.000000 0.000000 

140.000000 45.000000 1.000000 
140.000000 50.000000 1.000000 
140.000000 55.000000 1.000000 
140.000000 60.000000 1.000000 
140.000000 65.000000 1.000000 
140.000000 70.000000 1.000000 
140.000000 75.000000 1.000000 
140.000000 80.000000 1.000000 
140.000000 85.000000 1.000000 
140.000000 90.000000 1.000000 
140.000000 95.000000 1.000000 
140.000000 100.000000 1.000000 
140.000000 105.000000 1.000000 
140.000000 110.000000 1.000000 
140.000000 115.000000 1.000000 
140.000000 120.000000 1.000000 
140.000000 125.000000 1.000000 
140.000000 130.000000 1.000000 
140.000000 135.000000 1.000000 
140.000000 140.000000 1.000000 
140.000000 145.000000 1.000000 
140.000000 150.000000 1.000000 
140.000000 155.000000 1.000000 
140.000000 160.000000 1.000000 
140.000000 165.000000 1.000000 
140.000000 170.000000 1.000000 
140.000000 175.000000 1.000000 
140.000000 180.000000 1.000000 
140.000000 185.000000 1.000000 

145.000000 45.000000 0.000000 
145.000000 50.000000 0.000000 
145.000000 55.000000 0.000000 
145.000000 60.000000 0.000000 
145.000000 65.000000 0.000000 
145.000000 70.000000 0.000000 
145.000000 75.000000 0.000000 
145.000000 80.000000 0.000000 
145.000000 85.000000 0.000000 
145.000000 90.000000 0.000000 
145.000000 95.000000 0.000000 
145.000000 100.000000 0.000000 
145.000000 105.000000 0.000000 
145.000000 110.000000 0.000000 
145.000000 115.000000 0.000000 
145.000000 120.000000 0.000000 
145.000000 125.000000 0.000000 
145.000000 130.000000 0.000000 
145.000000 135.000000 0.000000 
145.000000 140.000000 0.000000 
145.000000 145.000000 0.000000 
145.000000 150.000000 0.000000 
145.000000 155.000000 0.000000 
145.000000 160.000000 0.000000 
145.000000 165.000000 0.000000 
145.000000 170.000000 0.000000 
145.000000 175.000000 0.000000 
145.000000 180.000000 0.000000 
145.000000 185.000000 0.000000 

150.000000 45.000000 1.000000 
150.000000 50.000000 1.000000 
150.000000 55.000000 1.000000 
150.000000 60.000000 1.000000 
150.000000 65.000000 1.000000 
150.000000 70.000000 1.000000 
150.000000 75.000000 1.000000 
150.000000 80.000000 1.000000 
150.000000 85.000000 1.000000 
150.000000 90.000000 1.000000 
150.000000 95.000000 1.000000 
150.000000 100.000000 1.000000 
150.000000 105.000000 1.000000 
150.000000 110.000000 1.000000 
150.000000 115.000000 1.000000 
150.000000 120.000000 1.000000 
150.000000 125.000000 1.000000 
150.000000 130.000000 1.000000 
150.000000 135.000000 1.000000 
150.000000 140.000000 1.000000 
150.000000 145.000000 1.000000 
150.000000 150.000000 1.000000 
150.000000 155.000000 1.000000 
150.000000 160.000000 1.000000 
150.000000 165.000000 1.000000 
150.000000 170.000000 1.000000 
150.000000 175.000000 1.000000 
150.000000 180.000000 1.000000 
150.000000 185.000000 1.000000 

155.000000 45.000000 0.000000 
155.000000 50.000000 0.000000 
155.000000 55.000000 0.000000 
155.000000 60.000000 0.000000 
155.000000 65.000000 0.000000 
155.000000 70.000000 0.000000 
155.000000 75.000000 0.000000 
155.000000 80.000000 0.000000 
155.000000 85.000000 0.000000 
155.000000 90.000000 0.000000 
155.000000 95.000000 0.000000 
155.000000 100.000000 0.000000 
155.000000 105.000000 0.000000 
155.000000 110.000000 0.000000 
155.000000 115.000000 0.000000 
155.000000 120.000000 0.000000 
155.000000 125.000000 0.000000 
155.000000 130.000000 0.000000 
155.000000 135.000000 0.000000 
155.000000 140.000000 0.000000 
155.000000 145.000000 0.000000 
155.000000 150.000000 0.000000 
155.000000 155.000000 0.000000 
155.000000 160.000000 0.000000 
155.000000 165.000000 0.000000 
155.000000 170.000000 0.000000 
155.000000 175.000000 0.000000 
155.000000 180.000000 0.000000 
155.000000 185.000000 0.000000 

160.000000 45.000000 1.000000 
160.000000 50.000000 1.000000 
160.000000 55.000000 1.000000 
160.000000 60.000000 1.000000 
160.000000 65.000000 1.000000 
160.000000 70.000000 1.000000 
160.000000 75.000000 1.000000 
160.000000 80.000000 1.000000 
160.000000 85.000000 1.000000 
160.000000 90.000000 1.000000 
160.000000 95.000000 1.000000 
160.000000 100.000000 1.000000 
160.000000 105.000000 1.000000 
160.000000 110.000000 1.000000 
160.000000 115.000000 1.000000 
160.000000 120.000000 1.000000 
160.000000 125.000000 1.000000 
160.000000 130.000000 1.000000 
160.000000 135.000000 1.000000 
160.000000 140.000000 1.000000 
160.000000 145.000000 1.000000 
160.000000 150.000000 1.000000 
160.000000 155.000000 1.000000 
160.000000 160.000000 1.000000 
160.000000 165.000000 1.000000 
160.000000 170.000000 1.000000 
160.000000 175.000000 1.000000 
160.000000 180.000000 1.000000 
160.000000 185.000000 1.000000 

165.000000 45.000000 0.000000 
165.000000 50.000000 0.000000 
165.000000 55.000000 0.000000 
165.000000 60.000000 0.000000 
165.000000 65.000000 0.000000 
165.000000 70.000000 0.000000 
165.000000 75.000000 0.000000 
165.000000 80.000000 0.000000 
165.000000 85.000000 0.000000 
165.000000 90.000000 0.000000 
165.000000 95.000000 0.000000 
165.000000 100.000000 0.000000 
165.000000 105.000000 0.000000 
165.000000 110.000000 0.000000 
165.000000 115.000000 0.000000 
165.000000 120.000000 0.000000 
165.000000 125.000000 0.000000 
165.000000 130.000000 0.000000 
165.000000 135.000000 0.000000 
165.000000 140.000000 0.000000 
165.000000 145.000000 0.000000 
165.000000 150.000000 0.000000 
165.000000 155.000000 0.000000 
165.000000 160.000000 0.000000 
165.000000 165.000000 0.000000 
165.000000 170.000000 0.000000 
165.000000 175.000000 0.000000 
165.000000 180.000000 0.000000 
165.000000 185.000000 0.000000 

170.000000 45.000000 1.000000 
170.000000 50.000000 1.000000 
170.000000 55.000000 1.000000 
170.000000 60.000000 1.000000 
170.000000 65.000000 1.000000 
170.000000 70.000000 1.000000 
170.000000 75.000000 1.000000 
170.000000 80.000000 1.000000 
170.000000 85.000000 1.000000 
170.000000 90.000000 1.000000 
170.000000 95.000000 1.000000 
170.000000 100.000000 1.000000 
170.000000 105.000000 1.000000 
170.000000 110.000000 1.000000 
170.000000 115.000000 1.000000 
170.000000 120.000000 1.000000 
170.000000 125.000000 1.000000 
170.000000 130.000000 1.000000 
170.000000 135.000000 1.000000 
170.000000 140.000000 1.000000 
170.000000 145.000000 1.000000 
170.000000 150.000000 1.000000 
170.000000 155.000000 1.000000 
170.000000 160.000000 1.000000 
170.000000 165.000000 1.000000 
170.000000 170.000000 1.000000 
170.000000 175.000000 1.000000 
170.000000 180.000000 1.000000 
170.000000 185.000000 1.000000 

#

30.000000 45.000000 -80.000000 
30.000000 50.000000 -80.000000 
30.000000 55.000000 -80.000000 
30.000000 60.000000 -80.000000 
30.000000 65.000000 -80.000000 
30.000000 70.000000 -80.000000 
30.000000 75.000000 -80.000000 
30.000000 80.000000 -80.000000 
30.000000 85.000000 -80.000000 
30.000000 90.000000 -80.000000 
30.000000 95.000000 -80.000000 
30.000000 100.000000 -80.000000 
30.000000 105.000000 -80.000000 
30.000000 110.000000 -80.000000 
30.000000 115.000000 -80.000000 
30.000000 120.000000 -80.000000 
30.000000 125.000000 -80.000000 
30.000000 130.000000 -80.000000 
30.000000 135.000000 -80.000000 
30.000000 140.000000 -80.000000 
30.000000 145.000000 -80.000000 
30.000000 150.000000 -80.000000 
30.000000 155.000000 -80.000000 
30.000000 160.000000 -80.000000 
30.000000 165.000000 -80.000000 
30.000000 170.000000 -80.000000 
30.000000 175.000000 -80.000000 
30.000000 180.000000 -80.000000 
30.000000 185.000000 -80.000000 

35.000000 45.000000 -80.000000 
35.000000 50.000000 -80.000000 
35.000000 55.000000 -80.000000 
35.000000 60.000000 -80.000000 
35.000000 65.000000 -80.000000 
35.000000 70.000000 -80.000000 
35.000000 75.000000 -80.000000 
35.000000 80.000000 -80.000000 
35.000000 85.000000 -80.000000 
35.000000 90.000000 -80.000000 
35.000000 95.000000 -80.000000 
35.000000 100.000000 -80.000000 
35.000000 105.000000 -80.000000 
35.000000 110.000000 -80.000000 
35.000000 115.000000 -80.000000 
35.000000 120.000000 -80.000000 
35.000000 125.000000 -80.000000 
35.000000 130.000000 -80.000000 
35.000000 135.000000 -80.000000 
35.000000 140.000000 -80.000000 
35.000000 145.000000 -80.000000 
35.000000 150.000000 -80.000000 
35.000000 155.000000 -80.000000 
35.000000 160.000000 -80.000000 
35.000000 165.000000 -80.000000 
35.000000 170.000000 -80.000000 
35.000000 175.000000 -80.000000 
35.000000 180.000000 -80.000000 
35.000000 185.000000 -80.000000 

40.000000 45.000000 -80.000000 
40.000000 50.000000 -80.000000 
40.000000 55.000000 -80.000000 
40.000000 60.000000 -80.000000 
40.000000 65.000000 -80.000000 
40.000000 70.000000 -80.000000 
40.000000 75.000000 -80.000000 
40.000000 80.000000 -80.000000 
40.000000 85.000000 -80.000000 
40.000000 90.000000 -80.000000 
40.000000 95.000000 -80.000000 
40.000000 100.000000 -80.000000 
40.000000 105.000000 -80.000000 
40.000000 110.000000 -80.000000 
40.000000 115.000000 -80.000000 
40.000000 120.000000 -80.000000 
40.000000 125.000000 -80.000000 
40.000000 130.000000 -80.000000 
40.000000 135.000000 -80.000000 
40.000000 140.000000 -80.000000 
40.000000 145.000000 -80.000000 
40.000000 150.000000 -80.000000 
40.000000 155.000000 -80.000000 
40.000000 160.000000 -80.000000 
40.000000 165.000000 -80.000000 
40.000000 170.000000 -80.000000 
40.000000 175.000000 -80.000000 
40.000000 180.000000 -80.000000 
40.000000 185.000000 -80.000000 

45.000000 45.000000 -80.000000 
45.000000 50.000000 -80.000000 
45.000000 55.000000 -80.000000 
45.000000 60.000000 -80.000000 
45.000000 65.000000 -80.000000 
45.000000 70.000000 -80.000000 
45.000000 75.000000 -80.000000 
45.000000 80.000000 -80.000000 
45.000000 85.000000 -80.000000 
45.000000 90.000000 -80.000000 
45.000000 95.000000 -80.000000 
45.000000 100.000000 -80.000000 
45.000000 105.000000 -80.000000 
45.000000 110.000000 -80.000000 
45.000000 115.000000 -80.000000 
45.000000 120.000000 -80.000000 
45.000000 125.000000 -80.000000 
45.000000 130.000000 -80.000000 
45.000000 135.000000 -80.000000 
45.000000 140.000000 -80.000000 
45.000000 145.000000 -80.000000 
45.000000 150.000000 -80.000000 
45.000000 155.000000 -80.000000 
45.000000 160.000000 -80.000000 
45.000000 165.000000 -80.000000 
45.000000 170.000000 -80.000000 
45.000000 175.000000 -80.000000 
45.000000 180.000000 -80.000000 
45.000000 185.000000 -80.000000 

50.000000 45.000000 -80.000000 
50.000000 50.000000 -80.000000 
50.000000 55.000000 -80.000000 
50.000000 60.000000 -80.000000 
50.000000 65.000000 -80.000000 
50.000000 70.000000 -80.000000 
50.000000 75.000000 -80.000000 
50.000000 80.000000 -80.000000 
50.000000 85.000000 -80.000000 
50.000000 90.000000 -80.000000 
50.000000 95.000000 -80.000000 
50.000000 100.000000 -80.000000 
50.000000 105.000000 -80.000000 
50.000000 110.000000 -80.000000 
50.000000 115.000000 -80.000000 
50.000000 120.000000 -80.000000 
50.000000 125.000000 -80.000000 
50.000000 130.000000 -80.000000 
50.000000 135.000000 -80.000000 
50.000000 140.000000 -80.000000 
50.000000 145.000000 -80.000000 
50.000000 150.000000 -80.000000 
50.000000 155.000000 -80.000000 
50.000000 160.000000 -80.000000 
50.000000 165.000000 -80.000000 
50.000000 170.000000 -80.000000 
50.000000 175.000000 -80.000000 
50.000000 180.000000 -80.000000 
50.000000 185.000000 -80.000000 

55.000000 45.000000 -80.000000 
55.000000 50.000000 -80.000000 
55.000000 55.000000 -80.000000 
55.000000 60.000000 -80.000000 
55.000000 65.000000 -80.000000 
55.000000 70.000000 -80.000000 
55.000000 75.000000 -80.000000 
55.000000 80.000000 -80.000000 
55.000000 85.000000 -80.000000 
55.000000 90.000000 -80.000000 
55.000000 95.000000 -80.000000 
55.000000 100.000000 -80.000000 
55.000000 105.000000 -80.000000 
55.000000 110.000000 -80.000000 
55.000000 115.000000 -80.000000 
55.000000 120.000000 -80.000000 
55.000000 125.000000 -80.000000 
55.000000 130.000000 -80.000000 
55.000000 135.000000 -80.000000 
55.000000 140.000000 -80.000000 
55.000000 145.000000 -80.000000 
55.000000 150.000000 -80.000000 
55.000000 155.000000 -80.000000 
55.000000 160.000000 -80.000000 
55.000000 165.000000 -80.000000 
55.000000 170.000000 -80.000000 
55.000000 175.000000 -80.000000 
55.000000 180.000000 -80.000000 
55.000000 185.000000 -80.000000 

60.000000 45.000000 -80.000000 
60.000000 50.000000 -80.000000 
60.000000 55.000000 -80.000000 
60.000000 60.000000 -80.000000 
60.000000 65.000000 -80.000000 
60.000000 70.000000 -80.000000 
60.000000 75.000000 -80.000000 
60.000000 80.000000 -80.000000 
60.000000 85.000000 -80.000000 
60.000000 90.000000 -80.000000 
60.000000 95.000000 -80.000000 
60.000000 100.000000 -80.000000 
60.000000 105.000000 -80.000000 
60.000000 110.000000 -80.000000 
60.000000 115.000000 -80.000000 
60.000000 120.000000 -80.000000 
60.000000 125.000000 -80.000000 
60.000000 130.000000 -80.000000 
60.000000 135.000000 -80.000000 
60.000000 140.000000 -80.000000 
60.000000 145.000000 -80.000000 
60.000000 150.000000 -80.000000 
60.000000 155.000000 -80.000000 
60.000000 160.000000 -80.000000 
60.000000 165.000000 -80.000000 
60.000000 170.000000 -80.000000 
60.000000 175.000000 -80.000000 
60.000000 180.000000 -80.000000 
60.000000 185.000000 -80.000000 

65.000000 45.000000 -80.000000 
65.000000 50.000000 -80.000000 
65.000000 55.000000 -80.000000 
65.000000 60.000000 -80.000000 
65.000000 65.000000 -80.000000 
65.000000 70.000000 -80.000000 
65.000000 75.000000 -80.000000 
65.000000 80.000000 -80.000000 
65.000000 85.000000 -80.000000 
65.000000 90.000000 -80.000000 
65.000000 95.000000 -80.000000 
65.000000 100.000000 -80.000000 
65.000000 105.000000 -80.000000 
65.000000 110.000000 -80.000000 
65.000000 115.000000 -80.000000 
65.000000 120.000000 -80.000000 
65.000000 125.000000 -80.000000 
65.000000 130.000000 -80.000000 
65.000000 135.000000 -80.000000 
65.000000 140.000000 -80.000000 
65.000000 145.000000 -80.000000 
65.000000 150.000000 -80.000000 
65.000000 155.000000 -80.000000 
65.000000 160.000000 -80.000000 
65.000000 165.000000 -80.000000 
65.000000 170.000000 -80.000000 
65.000000 175.000000 -80.000000 
65.000000 180.000000 -80.000000 
65.000000 185.000000 -80.000000 

70.000000 45.000000 -80.000000 
70.000000 50.000000 -80.000000 
70.000000 55.000000 -80.000000 
70.000000 60.000000 -80.000000 
70.000000 65.000000 -80.000000 
70.000000 70.000000 -80.000000 
70.000000 75.000000 -80.000000 
70.000000 80.000000 -80.000000 
70.000000 85.000000 -80.000000 
70.000000 90.000000 -80.000000 
70.000000 95.000000 -80.000000 
70.000000 100.000000 -80.000000 
70.000000 105.000000 -80.000000 
70.000000 110.000000 -80.000000 
70.000000 115.000000 -80.000000 
70.000000 120.000000 -80.000000 
70.000000 125.000000 -80.000000 
70.000000 130.000000 -80.000000 
70.000000 135.000000 -80.000000 
70.000000 140.000000 -80.000000 
70.000000 145.000000 -80.000000 
70.000000 150.000000 -80.000000 
70.000000 155.000000 -80.000000 
70.000000 160.000000 -80.000000 
70.000000 165.000000 -80.000000 
70.000000 170.000000 -80.000000 
70.000000 175.000000 -80.000000 
70.000000 180.000000 -80.000000 
70.000000 185.000000 -80.000000 

75.000000 45.000000 -80.000000 
75.000000 50.000000 -80.000000 
75.000000 55.000000 -80.000000 
75.000000 60.000000 -80.000000 
75.000000 65.000000 -80.000000 
75.000000 70.000000 -80.000000 
75.000000 75.000000 -80.000000 
75.000000 80.000000 -80.000000 
75.000000 85.000000 -80.000000 
75.000000 90.000000 -80.000000 
75.000000 95.000000 -80.000000 
75.000000 100.000000 -80.000000 
75.000000 105.000000 -80.000000 
75.000000 110.000000 -80.000000 
75.000000 115.000000 -80.000000 
75.000000 120.000000 -80.000000 
75.000000 125.000000 -80.000000 
75.000000 130.000000 -80.000000 
75.000000 135.000000 -80.000000 
75.000000 140.000000 -80.000000 
75.000000 145.000000 -80.000000 
75.000000 150.000000 -80.000000 
75.000000 155.000000 -80.000000 
75.000000 160.000000 -80.000000 
75.000000 165.000000 -80.000000 
75.000000 170.000000 -80.000000 
75.000000 175.000000 -80.000000 
75.000000 180.000000 -80.000000 
75.000000 185.000000 -80.000000 

80.000000 45.000000 -80.000000 
80.000000 50.000000 -80.000000 
80.000000 55.000000 -80.000000 
80.000000 60.000000 -80.000000 
80.000000 65.000000 -80.000000 
80.000000 70.000000 -80.000000 
80.000000 75.000000 -80.000000 
80.000000 80.000000 -80.000000 
80.000000 85.000000 -80.000000 
80.000000 90.000000 -80.000000 
80.000000 95.000000 -80.000000 
80.000000 100.000000 -80.000000 
80.000000 105.000000 -80.000000 
80.000000 110.000000 -80.000000 
80.000000 115.000000 -80.000000 
80.000000 120.000000 -80.000000 
80.000000 125.000000 -80.000000 
80.000000 130.000000 -80.000000 
80.000000 135.000000 -80.000000 
80.000000 140.000000 -80.000000 
80.000000 145.000000 -80.000000 
80.000000 150.000000 -80.000000 
80.000000 155.000000 -80.000000 
80.000000 160.000000 -80.000000 
80.000000 165.000000 -80.000000 
80.000000 170.000000 -80.000000 
80.000000 175.000000 -80.000000 
80.000000 180.000000 -80.000000 
80.000000 185.000000 -80.000000 

85.000000 45.000000 -80.000000 
85.000000 50.000000 -80.000000 
85.000000 55.000000 -80.000000 
85.000000 60.000000 -80.000000 
85.000000 65.000000 -80.000000 
85.000000 70.000000 -80.000000 
85.000000 75.000000 -80.000000 
85.000000 80.000000 -80.000000 
85.000000 85.000000 -80.000000 
85.000000 90.000000 -80.000000 
85.000000 95.000000 -80.000000 
85.000000 100.000000 -80.000000 
85.000000 105.000000 -80.000000 
85.000000 110.000000 -80.000000 
85.000000 115.000000 -80.000000 
85.000000 120.000000 -80.000000 
85.000000 125.000000 -80.000000 
85.000000 130.000000 -80.000000 
85.000000 135.000000 -80.000000 
85.000000 140.000000 -80.000000 
85.000000 145.000000 -80.000000 
85.000000 150.000000 -80.000000 
85.000000 155.000000 -80.000000 
85.000000 160.000000 -80.000000 
85.000000 165.000000 -80.000000 
85.000000 170.000000 -80.000000 
85.000000 175.000000 -80.000000 
85.000000 180.000000 -80.000000 
85.000000 185.000000 -80.000000 

90.000000 45.000000 -80.000000 
90.000000 50.000000 -80.000000 
90.000000 55.000000 -80.000000 
90.000000 60.000000 -80.000000 
90.000000 65.000000 -80.000000 
90.000000 70.000000 -80.000000 
90.000000 75.000000 -80.000000 
90.000000 80.000000 -80.000000 
90.000000 85.000000 -80.000000 
90.000000 90.000000 -80.000000 
90.000000 95.000000 -80.000000 
90.000000 100.000000 -80.000000 
90.000000 105.000000 -80.000000 
90.000000 110.000000 -80.000000 
90.000000 115.000000 -80.000000 
90.000000 120.000000 -80.000000 
90.000000 125.000000 -80.000000 
90.000000 130.000000 -80.000000 
90.000000 135.000000 -80.000000 
90.000000 140.000000 -80.000000 
90.000000 145.000000 -80.000000 
90.000000 150.000000 -80.000000 
90.000000 155.000000 -80.000000 
90.000000 160.000000 -80.000000 
90.000000 165.000000 -80.000000 
90.000000 170.000000 -80.000000 
90.000000 175.000000 -80.000000 
90.000000 180.000000 -80.000000 
90.000000 185.000000 -80.000000 

95.000000 45.000000 -80.000000 
95.000000 50.000000 -80.000000 
95.000000 55.000000 -80.000000 
95.000000 60.000000 -80.000000 
95.000000 65.000000 -80.000000 
95.000000 70.000000 -80.000000 
95.000000 75.000000 -80.000000 
95.000000 80.000000 -80.000000 
95.000000 85.000000 -80.000000 
95.000000 90.000000 -80.000000 
95.000000 95.000000 -80.000000 
95.000000 100.000000 -80.000000 
95.000000 105.000000 -80.000000 
95.000000 110.000000 -80.000000 
95.000000 115.000000 -80.000000 
95.000000 120.000000 -80.000000 
95.000000 125.000000 -80.000000 
95.000000 130.000000 -80.000000 
95.000000 135.000000 -80.000000 
95.000000 140.000000 -80.000000 
95.000000 145.000000 -80.000000 
95.000000 150.000000 -80.000000 
95.000000 155.000000 -80.000000 
95.000000 160.000000 -80.000000 
95.000000 165.000000 -80.000000 
95.000000 170.000000 -80.000000 
95.000000 175.000000 -80.000000 
95.000000 180.000000 -80.000000 
95.000000 185.000000 -80.000000 

100.000000 45.000000 -80.000000 
100.000000 50.000000 -80.000000 
100.000000 55.000000 -80.000000 
100.000000 60.000000 -80.000000 
100.000000 65.000000 -80.000000 
100.000000 70.000000 -80.000000 
100.000000 75.000000 -80.000000 
100.000000 80.000000 -80.000000 
100.000000 85.000000 -80.000000 
100.000000 90.000000 -80.000000 
100.000000 95.000000 -80.000000 
100.000000 100.000000 -80.000000 
100.000000 105.000000 -80.000000 
100.000000 110.000000 -80.000000 
100.000000 115.000000 -80.000000 
100.000000 120.000000 -80.000000 
100.000000 125.000000 -80.000000 
100.000000 130.000000 -80.000000 
100.000000 135.000000 -80.000000 
100.000000 140.000000 -80.000000 
100.000000 145.000000 -80.000000 
100.000000 150.000000 -80.000000 
100.000000 155.000000 -80.000000 
100.000000 160.000000 -80.000000 
100.000000 165.000000 -80.000000 
100.000000 170.000000 -80.000000 
100.000000 175.000000 -80.000000 
100.000000 180.000000 -80.000000 
100.000000 185.000000 -80.000000 

105.000000 45.000000 -80.000000 
105.000000 50.000000 -80.000000 
105.000000 55.000000 -80.000000 
105.000000 60.000000 -80.000000 
105.000000 65.000000 -80.000000 
105.000000 70.000000 -80.000000 
105.000000 75.000000 -80.000000 
105.000000 80.000000 -80.000000 
105.000000 85.000000 -80.000000 
105.000000 90.000000 -80.000000 
105.000000 95.000000 -80.000000 
105.000000 100.000000 -80.000000 
105.000000 105.000000 -80.000000 
105.000000 110.000000 -80.000000 
105.000000 115.000000 -80.000000 
105.000000 120.000000 -80.000000 
105.000000 125.000000 -80.000000 
105.000000 130.000000 -80.000000 
105.000000 135.000000 -80.000000 
105.000000 140.000000 -80.000000 
105.000000 145.000000 -80.000000 
105.000000 150.000000 -80.000000 
105.000000 155.000000 -80.000000 
105.000000 160.000000 -80.000000 
105.000000 165.000000 -80.000000 
105.000000 170.000000 -80.000000 
105.000000 175.000000 -80.000000 
105.000000 180.000000 -80.000000 
105.000000 185.000000 -80.000000 

110.000000 45.000000 -80.000000 
110.000000 50.000000 -80.000000 
110.000000 55.000000 -80.000000 
110.000000 60.000000 -80.000000 
110.000000 65.000000 -80.000000 
110.000000 70.000000 -80.000000 
110.000000 75.000000 -80.000000 
110.000000 80.000000 -80.000000 
110.000000 85.000000 -80.000000 
110.000000 90.000000 -80.000000 
110.000000 95.000000 -80.000000 
110.000000 100.000000 -80.000000 
110.000000 105.000000 -80.000000 
110.000000 110.000000 -80.000000 
110.000000 115.000000 -80.000000 
110.000000 120.000000 -80.000000 
110.000000 125.000000 -80.000000 
110.000000 130.000000 -80.000000 
110.000000 135.000000 -80.000000 
110.000000 140.000000 -80.000000 
110.000000 145.000000 -80.000000 
110.000000 150.000000 -80.000000 
110.000000 155.000000 -80.000000 
110.000000 160.000000 -80.000000 
110.000000 165.000000 -80.000000 
110.000000 170.000000 -80.000000 
110.000000 175.000000 -80.000000 
110.000000 180.000000 -80.000000 
110.000000 185.000000 -80.000000 

115.000000 45.000000 -80.000000 
115.000000 50.000000 -80.000000 
115.000000 55.000000 -80.000000 
115.000000 60.000000 -80.000000 
115.000000 65.000000 -80.000000 
115.000000 70.000000 -80.000000 
115.000000 75.000000 -80.000000 
115.000000 80.000000 -80.000000 
115.000000 85.000000 -80.000000 
115.000000 90.000000 -80.000000 
115.000000 95.000000 -80.000000 
115.000000 100.000000 -80.000000 
115.000000 105.000000 -80.000000 
115.000000 110.000000 -80.000000 
115.000000 115.000000 -80.000000 
115.000000 120.000000 -80.000000 
115.000000 125.000000 -80.000000 
115.000000 130.000000 -80.000000 
115.000000 135.000000 -80.000000 
115.000000 140.000000 -80.000000 
115.000000 145.000000 -80.000000 
115.000000 150.000000 -80.000000 
115.000000 155.000000 -80.000000 
115.000000 160.000000 -80.000000 
115.000000 165.000000 -80.000000 
115.000000 170.000000 -80.000000 
115.000000 175.000000 -80.000000 
115.000000 180.000000 -80.000000 
115.000000 185.000000 -80.000000 

120.000000 45.000000 -80.000000 
120.000000 50.000000 -80.000000 
120.000000 55.000000 -80.000000 
120.000000 60.000000 -80.000000 
120.000000 65.000000 -80.000000 
120.000000 70.000000 -80.000000 
120.000000 75.000000 -80.000000 
120.000000 80.000000 -80.000000 
120.000000 85.000000 -80.000000 
120.000000 90.000000 -80.000000 
120.000000 95.000000 -80.000000 
120.000000 100.000000 -80.000000 
120.000000 105.000000 -80.000000 
120.000000 110.000000 -80.000000 
120.000000 115.000000 -80.000000 
120.000000 120.000000 -80.000000 
120.000000 125.000000 -80.000000 
120.000000 130.000000 -80.000000 
120.000000 135.000000 -80.000000 
120.000000 140.000000 -80.000000 
120.000000 145.000000 -80.000000 
120.000000 150.000000 -80.000000 
120.000000 155.000000 -80.000000 
120.000000 160.000000 -80.000000 
120.000000 165.000000 -80.000000 
120.000000 170.000000 -80.000000 
120.000000 175.000000 -80.000000 
120.000000 180.000000 -80.000000 
120.000000 185.000000 -80.000000 

125.000000 45.000000 -80.000000 
125.000000 50.000000 -80.000000 
125.000000 55.000000 -80.000000 
125.000000 60.000000 -80.000000 
125.000000 65.000000 -80.000000 
125.000000 70.000000 -80.000000 
125.000000 75.000000 -80.000000 
125.000000 80.000000 -80.000000 
125.000000 85.000000 -80.000000 
125.000000 90.000000 -80.000000 
125.000000 95.000000 -80.000000 
125.000000 100.000000 -80.000000 
125.000000 105.000000 -80.000000 
125.000000 110.000000 -80.000000 
125.000000 115.000000 -80.000000 
125.000000 120.000000 -80.000000 
125.000000 125.000000 -80.000000 
125.000000 130.000000 -80.000000 
125.000000 135.000000 -80.000000 
125.000000 140.000000 -80.000000 
125.000000 145.000000 -80.000000 
125.000000 150.000000 -80.000000 
125.000000 155.000000 -80.000000 
125.000000 160.000000 -80.000000 
125.000000 165.000000 -80.000000 
125.000000 170.000000 -80.000000 
125.000000 175.000000 -80.000000 
125.000000 180.000000 -80.000000 
125.000000 185.000000 -80.000000 

130.000000 45.000000 -80.000000 
130.000000 50.000000 -80.000000 
130.000000 55.000000 -80.000000 
130.000000 60.000000 -80.000000 
130.000000 65.000000 -80.000000 
130.000000 70.000000 -80.000000 
130.000000 75.000000 -80.000000 
130.000000 80.000000 -80.000000 
130.000000 85.000000 -80.000000 
130.000000 90.000000 -80.000000 
130.000000 95.000000 -80.000000 
130.000000 100.000000 -80.000000 
130.000000 105.000000 -80.000000 
130.000000 110.000000 -80.000000 
130.000000 115.000000 -80.000000 
130.000000 120.000000 -80.000000 
130.000000 125.000000 -80.000000 
130.000000 130.000000 -80.000000 
130.000000 135.000000 -80.000000 
130.000000 140.000000 -80.000000 
130.000000 145.000000 -80.000000 
130.000000 150.000000 -80.000000 
130.000000 155.000000 -80.000000 
130.000000 160.000000 -80.000000 
130.000000 165.000000 -80.000000 
130.000000 170.000000 -80.000000 
130.000000 175.000000 -80.000000 
130.000000 180.000000 -80.000000 
130.000000 185.000000 -80.000000 

135.000000 45.000000 -80.000000 
135.000000 50.000000 -80.000000 
135.000000 55.000000 -80.000000 
135.000000 60.000000 -80.000000 
135.000000 65.000000 -80.000000 
135.000000 70.000000 -80.000000 
135.000000 75.000000 -80.000000 
135.000000 80.000000 -80.000000 
135.000000 85.000000 -80.000000 
135.000000 90.000000 -80.000000 
135.000000 95.000000 -80.000000 
135.000000 100.000000 -80.000000 
135.000000 105.000000 -80.000000 
135.000000 110.000000 -80.000000 
135.000000 115.000000 -80.000000 
135.000000 120.000000 -80.000000 
135.000000 125.000000 -80.000000 
135.000000 130.000000 -80.000000 
135.000000 135.000000 -80.000000 
135.000000 140.000000 -80.000000 
135.000000 145.000000 -80.000000 
135.000000 150.000000 -80.000000 
135.000000 155.000000 -80.000000 
135.000000 160.000000 -80.000000 
135.000000 165.000000 -80.000000 
135.000000 170.000000 -80.000000 
135.000000 175.000000 -80.000000 
135.000000 180.000000 -80.000000 
135.000000 185.000000 -80.000000 

140.000000 45.000000 -80.000000 
140.000000 50.000000 -80.000000 
140.000000 55.000000 -80.000000 
140.000000 60.000000 -80.000000 
140.000000 65.000000 -80.000000 
140.000000 70.000000 -80.000000 
140.000000 75.000000 -80.000000 
140.000000 80.000000 -80.000000 
140.000000 85.000000 -80.000000 
140.000000 90.000000 -80.000000 
140.000000 95.000000 -80.000000 
140.000000 100.000000 -80.000000 
140.000000 105.000000 -80.000000 
140.000000 110.000000 -80.000000 
140.000000 115.000000 -80.000000 
140.000000 120.000000 -80.000000 
140.000000 125.000000 -80.000000 
140.000000 130.000000 -80.000000 
140.000000 135.000000 -80.000000 
140.000000 140.000000 -80.000000 
140.000000 145.000000 -80.000000 
140.000000 150.000000 -80.000000 
140.000000 155.000000 -80.000000 
140.000000 160.000000 -80.000000 
140.000000 165.000000 -80.000000 
140.000000 170.000000 -80.000000 
140.000000 175.000000 -80.000000 
140.000000 180.000000 -80.000000 
140.000000 185.000000 -80.000000 

145.000000 45.000000 -80.000000 
145.000000 50.000000 -80.000000 
145.000000 55.000000 -80.000000 
145.000000 60.000000 -80.000000 
145.000000 65.000000 -80.000000 
145.000000 70.000000 -80.000000 
145.000000 75.000000 -80.000000 
145.000000 80.000000 -80.000000 
145.000000 85.000000 -80.000000 
145.000000 90.000000 -80.000000 
145.000000 95.000000 -80.000000 
145.000000 100.000000 -80.000000 
145.000000 105.000000 -80.000000 
145.000000 110.000000 -80.000000 
145.000000 115.000000 -80.000000 
145.000000 120.000000 -80.000000 
145.000000 125.000000 -80.000000 
145.000000 130.000000 -80.000000 
145.000000 135.000000 -80.000000 
145.000000 140.000000 -80.000000 
145.000000 145.000000 -80.000000 
145.000000 150.000000 -80.000000 
145.000000 155.000000 -80.000000 
145.000000 160.000000 -80.000000 
145.000000 165.000000 -80.000000 
145.000000 170.000000 -80.000000 
145.000000 175.000000 -80.000000 
145.000000 180.000000 -80.000000 
145.000000 185.000000 -80.000000 

150.000000 45.000000 -80.000000 
150.000000 50.000000 -80.000000 
150.000000 55.000000 -80.000000 
150.000000 60.000000 -80.000000 
150.000000 65.000000 -80.000000 
150.000000 70.000000 -80.000000 
150.000000 75.000000 -80.000000 
150.000000 80.000000 -80.000000 
150.000000 85.000000 -80.000000 
150.000000 90.000000 -80.000000 
150.000000 95.000000 -80.000000 
150.000000 100.000000 -80.000000 
150.000000 105.000000 -80.000000 
150.000000 110.000000 -80.000000 
150.000000 115.000000 -80.000000 
150.000000 120.000000 -80.000000 
150.000000 125.000000 -80.000000 
150.000000 130.000000 -80.000000 
150.000000 135.000000 -80.000000 
150.000000 140.000000 -80.000000 
150.000000 145.000000 -80.000000 
150.000000 150.000000 -80.000000 
150.000000 155.000000 -80.000000 
150.000000 160.000000 -80.000000 
150.000000 165.000000 -80.000000 
150.000000 170.000000 -80.000000 
150.000000 175.000000 -80.000000 
150.000000 180.000000 -80.000000 
150.000000 185.000000 -80.000000 

155.000000 45.000000 -80.000000 
155.000000 50.000000 -80.000000 
155.000000 55.000000 -80.000000 
155.000000 60.000000 -80.000000 
155.000000 65.000000 -80.000000 
155.000000 70.000000 -80.000000 
155.000000 75.000000 -80.000000 
155.000000 80.000000 -80.000000 
155.000000 85.000000 -80.000000 
155.000000 90.000000 -80.000000 
155.000000 95.000000 -80.000000 
155.000000 100.000000 -80.000000 
155.000000 105.000000 -80.000000 
155.000000 110.000000 -80.000000 
155.000000 115.000000 -80.000000 
155.000000 120.000000 -80.000000 
155.000000 125.000000 -80.000000 
155.000000 130.000000 -80.000000 
155.000000 135.000000 -80.000000 
155.000000 140.000000 -80.000000 
155.000000 145.000000 -80.000000 
155.000000 150.000000 -80.000000 
155.000000 155.000000 -80.000000 
155.000000 160.000000 -80.000000 
155.000000 165.000000 -80.000000 
155.000000 170.000000 -80.000000 
155.000000 175.000000 -80.000000 
155.000000 180.000000 -80.000000 
155.000000 185.000000 -80.000000 

160.000000 45.000000 -80.000000 
160.000000 50.000000 -80.000000 
160.000000 55.000000 -80.000000 
160.000000 60.000000 -80.000000 
160.000000 65.000000 -80.000000 
160.000000 70.000000 -80.000000 
160.000000 75.000000 -80.000000 
160.000000 80.000000 -80.000000 
160.000000 85.000000 -80.000000 
160.000000 90.000000 -80.000000 
160.000000 95.000000 -80.000000 
160.000000 100.000000 -80.000000 
160.000000 105.000000 -80.000000 
160.000000 110.000000 -80.000000 
160.000000 115.000000 -80.000000 
160.000000 120.000000 -80.000000 
160.000000 125.000000 -80.000000 
160.000000 130.000000 -80.000000 
160.000000 135.000000 -80.000000 
160.000000 140.000000 -80.000000 
160.000000 145.000000 -80.000000 
160.000000 150.000000 -80.000000 
160.000000 155.000000 -80.000000 
160.000000 160.000000 -80.000000 
160.000000 165.000000 -80.000000 
160.000000 170.000000 -80.000000 
160.000000 175.000000 -80.000000 
160.000000 180.000000 -80.000000 
160.000000 185.000000 -80.000000 

165.000000 45.000000 -80.000000 
165.000000 50.000000 -80.000000 
165.000000 55.000000 -80.000000 
165.000000 60.000000 -80.000000 
165.000000 65.000000 -80.000000 
165.000000 70.000000 -80.000000 
165.000000 75.000000 -80.000000 
165.000000 80.000000 -80.000000 
165.000000 85.000000 -80.000000 
165.000000 90.000000 -80.000000 
165.000000 95.000000 -80.000000 
165.000000 100.000000 -80.000000 
165.000000 105.000000 -80.000000 
165.000000 110.000000 -80.000000 
165.000000 115.000000 -80.000000 
165.000000 120.000000 -80.000000 
165.000000 125.000000 -80.000000 
165.000000 130.000000 -80.000000 
165.000000 135.000000 -80.000000 
165.000000 140.000000 -80.000000 
165.000000 145.000000 -80.000000 
165.000000 150.000000 -80.000000 
165.000000 155.000000 -80.000000 
165.000000 160.000000 -80.000000 
165.000000 165.000000 -80.000000 
165.000000 170.000000 -80.000000 
165.000000 175.000000 -80.000000 
165.000000 180.000000 -80.000000 
165.000000 185.000000 -80.000000 

170.000000 45.000000 -80.000000 
170.000000 50.000000 -80.000000 
170.000000 55.000000 -80.000000 
170.000000 60.000000 -80.000000 
170.000000 65.000000 -80.000000 
170.000000 70.000000 -80.000000 
170.000000 75.000000 -80.000000 
170.000000 80.000000 -80.000000 
170.000000 85.000000 -80.000000 
170.000000 90.000000 -80.000000 
170.000000 95.000000 -80.000000 
170.000000 100.000000 -80.000000 
170.000000 105.000000 -80.000000 
170.000000 110.000000 -80.000000 
170.000000 115.000000 -80.000000 
170.000000 120.000000 -80.000000 
170.000000 125.000000 -80.000000 
170.000000 130.000000 -80.000000 
170.000000 135.000000 -80.000000 
170.000000 140.000000 -80.000000 
170.000000 145.000000 -80.000000 
170.000000 150.000000 -80.000000 
170.000000 155.000000 -80.000000 
170.000000 160.000000 -80.000000 
170.000000 165.000000 -80.000000 
170.000000 170.000000 -80.000000 
170.000000 175.000000 -80.000000 
170.000000 180.000000 -80.000000 
170.000000 185.000000 -80.000000 

#

100.000000 115.000000 -35.000000 
105.000000 115.000000 -40.000000 
105.000000 125.000000 -40.000000 
100.000000 125.000000 -35.000000 

100.000000 115.000000 -35.000000 
105.000000 115.000000 -30.000000 
105.000000 125.000000 -30.000000 
100.000000 125.000000 -35.000000 

100.000000 115.000000 -35.000000 
95.000000 115.000000 -30.000000 
95.000000 125.000000 -30.000000 
100.000000 125.000000 -35.000000 

100.000000 115.000000 -35.000000 
95.000000 115.000000 -40.000000 
95.000000 125.000000 -40.000000 
100.000000 125.000000 -35.000000 

100.000000 115.000000 -35.000000 
105.000000 115.000000 -40.000000 
105.000000 125.000000 -40.000000 
100.000000 125.000000 -35.000000 



95.000000 114.000000 -40.000000 
93.071637 114.000000 -42.298133 
93.071637 116.000000 -42.298133 
95.000000 116.000000 -40.000000 

95.000000 114.000000 -40.000000 
92.045520 114.000000 -39.479008 
92.045520 116.000000 -39.479008 
95.000000 116.000000 -40.000000 

95.000000 114.000000 -40.000000 
93.973883 114.000000 -37.180875 
93.973883 116.000000 -37.180875 
95.000000 116.000000 -40.000000 

95.000000 114.000000 -40.000000 
96.928363 114.000000 -37.701867 
96.928363 116.000000 -37.701867 
95.000000 116.000000 -40.000000 

95.000000 114.000000 -40.000000 
97.954480 114.000000 -40.520992 
97.954480 116.000000 -40.520992 
95.000000 116.000000 -40.000000 

95.000000 114.000000 -40.000000 
96.026117 114.000000 -42.819125 
96.026117 116.000000 -42.819125 
95.000000 116.000000 -40.000000 

95.000000 114.000000 -40.000000 
93.071637 114.000000 -42.298133 
93.071637 116.000000 -42.298133 
95.000000 116.000000 -40.000000 



105.000000 114.000000 -40.000000 
106.928363 114.000000 -42.298133 
106.928363 116.000000 -42.298133 
105.000000 116.000000 -40.000000 

105.000000 114.000000 -40.000000 
103.973883 114.000000 -42.819125 
103.973883 116.000000 -42.819125 
105.000000 116.000000 -40.000000 

105.000000 114.000000 -40.000000 
102.045520 114.000000 -40.520992 
102.045520 116.000000 -40.520992 
105.000000 116.000000 -40.000000 

105.000000 114.000000 -40.000000 
103.071637 114.000000 -37.701867 
103.071637 116.000000 -37.701867 
105.000000 116.000000 -40.000000 

105.000000 114.000000 -40.000000 
106.026117 114.000000 -37.180875 
106.026117 116.000000 -37.180875 
105.000000 116.000000 -40.000000 

105.000000 114.000000 -40.000000 
107.954480 114.000000 -39.479008 
107.954480 116.000000 -39.479008 
105.000000 116.000000 -40.000000 

105.000000 114.000000 -40.000000 
106.928363 114.000000 -42.298133 
106.928363 116.000000 -42.298133 
105.000000 116.000000 -40.000000 

#

56.000000 38.000000 -53.000000 
66.000000 38.000000 -63.000000 
66.000000 48.000000 -63.000000 
56.000000 48.000000 -53.000000 

56.000000 38.000000 -53.000000 
66.000000 38.000000 -43.000000 
66.000000 48.000000 -43.000000 
56.000000 48.000000 -53.000000 

56.000000 38.000000 -53.000000 
46.000000 38.000000 -43.000000 
46.000000 48.000000 -43.000000 
56.000000 48.000000 -53.000000 

56.000000 38.000000 -53.000000 
46.000000 38.000000 -63.000000 
46.000000 48.000000 -63.000000 
56.000000 48.000000 -53.000000 

56.000000 38.000000 -53.000000 
66.000000 38.000000 -63.000000 
66.000000 48.000000 -63.000000 
56.000000 48.000000 -53.000000 

#

145.000000 49.000000 -76.000000 
145.000000 49.000000 -26.000000 
165.000000 49.000000 -26.000000 
165.000000 49.000000 -76.000000 

165.000000 49.000000 -26.000000 
165.000000 49.000000 -76.000000 
145.000000 49.000000 -76.000000 
145.000000 49.000000 -26.000000 

#

88.000000 41.000000 -30.000000 
98.000000 41.000000 -40.000000 
98.000000 51.000000 -40.000000 
88.000000 51.000000 -30.000000 

88.000000 41.000000 -30.000000 
98.000000 41.000000 -20.000000 
98.000000 51.000000 -20.000000 
88.000000 51.000000 -30.000000 

88.000000 41.000000 -30.000000 
78.000000 41.000000 -20.000000 
78.000000 51.000000 -20.000000 
88.000000 51.000000 -30.000000 

88.000000 41.000000 -30.000000 
78.000000 41.000000 -40.000000 
78.000000 51.000000 -40.000000 
88.000000 51.000000 -30.000000 

88.000000 41.000000 -30.000000 
98.000000 41.000000 -40.000000 
98.000000 51.000000 -40.000000 
88.000000 51.000000 -30.000000 

#

129.000000 106.000000 -13.000000 
129.000000 76.000000 -13.000000 
#

168.000000 47.000000 -16.000000 
168.000000 17.000000 -16.000000 
#

146.000000 123.000000 -44.000000 
156.000000 123.000000 -54.000000 
156.000000 133.000000 -54.000000 
146.000000 133.000000 -44.000000 

146.000000 123.000000 -44.000000 
156.000000 123.000000 -34.000000 
156.000000 133.000000 -34.000000 
146.000000 133.000000 -44.000000 

146.000000 123.000000 -44.000000 
136.000000 123.000000 -34.000000 
136.000000 133.000000 -34.000000 
146.000000 133.000000 -44.000000 

146.000000 123.000000 -44.000000 
136.000000 123.000000 -54.000000 
136.000000 133.000000 -54.000000 
146.000000 133.000000 -44.000000 

146.000000 123.000000 -44.000000 
156.000000 123.000000 -54.000000 
156.000000 133.000000 -54.000000 
146.000000 133.000000 -44.000000 

#

80.000000 138.000000 -50.000000 
80.000000 138.000000 0.000000 
100.000000 138.000000 0.000000 
100.000000 138.000000 -50.000000 

100.000000 138.000000 0.000000 
100.000000 138.000000 -50.000000 
80.000000 138.000000 -50.000000 
80.000000 138.000000 0.000000 

#

